$ANSIBLE_VAULT;1.1;AES256
63346535326463366437356265333335323061343533333031336633333839653264313862303833
6665356563373434353835643536613164306364336539380a636533623261613633323933306661
33366534356666623337353337613161663337373062366664356537646339623039396561383534
3766633736656433660a633832303135383032653137356161333934343931656464386365643039
33303032396462316164373733353565346630306238356131353638623332613338613638303332
65653934393863376330646431386466393063313031353061383435306235656663656431636135
30643164366338663031643363303564323662303935613863653762326266613365616364646339
64326562613165323531373432663039326164326663646230343432323063396236613739386265
30346230623262656538343734356636366432323361376465663963636466626639656666616265
65663635383561653439653561353161653463643137333035346665353961363964313939633935
38336632313039333434663932303339333034346330613334336566653636353330336637626639
30373633616232656664633761666239323339376435353764383062663339363266303861656434
36303532316532633561343037336163393438326262633335643031323931636530616539343566
36363832373939623938366539356238636636623161363765643632313661336335613864313337
62393164663865353035636530346565303032303735343264343031343961333738663066643934
66643863333435653133353635326339363066356263613064623966653134623839653536323932
62376633613534353565323661393865396561316438613163643333336263303538616439386433
63633838373835346633343138343066663134626562306438623134363438633463353331396162
66393635323239333464386631353065663932613834343834316461396562323163653930336664
66636531333431663138336235653938613465336136666366303535356436623962396436636238
33343139373966663762643639343366323062313231613731333531383836363434396236336439
65306631643634636631623039323832313965323437303362376630393632396136366635666363
36313265613663616632326263653230646231396566346130363439643065323631396564386338
64636366616463313438313439306530386239383230633036373435326239356230633766323738
30323762376435333762613338663431636130356430373738323837626139633330353462393163
34353934636263663434326434613130383533353462623534613831326666663533656131333961
31313833333865623535633639396638336266653765323338643130396630386635613864343834
61373234623634623264353462303962356664303633386361333839636266346263613864623236
64633831313636343965663330643938626665633566313930303963383066363837656536313938
62313366353630313061396162306533616361623637313438633964613866376638356333396366
37626266626336653564323061363230393465636664643538623230623231633463663032316532
36346137316366376139353938366234623032633136613961383035303635326361383137396139
39393139643637343935363434666363306261363536316439666634623337313966363535653563
31316366373366333539343763396561653531616533366464326538353365323733333063623433
63346339363030316364643239656234613566333733383037656434396237663630363432383239
37666166323230636234633534353833636131656464393962653432393430373731663339613561
66643030626238303039653266346138376562303835396638303661396431366332666462346430
35346564643134653831643731626334396335353335326366386463326534653939633035623030
32373234663630313334653036636364653365643530366361666430323037633630383834643761
30653531343066636533663065373265336165613836303061653733333432383464333262323131
39653932383433376338323630613737633365646330353236313638373434663136353665363264
32316463346537386530383737313237333961306536333530303733616134393333363062363030
63306239383934376138353733616136653436356239306337373666323630333730656235373835
34313137396335346133613161666430636139623035386262303037353162366132383161393930
65636266336534306439386236643663333338643530383832386339616332323134366436373462
38613333653865643333646163303233333532333637636463393333633538636562633439396365
37623738306165353466303534633766646531626531663034323538346661336430356439383931
64643862353732653037303864613433653163336566356535633461356631326165366233373566
61383235363932383033643532303063313636646130313935343035383736383336623861393435
65303965623065663663353036666139333136363739333862656566636337303864356464313530
61333265636234363334383531666236343561636535373163343962383631653964306437363363
39353462643262666466616336316638316430396266666561656134653463346637333638306539
31386234633461633235333732353061393230616335326539636531323462383130623434643265
64303331613361323734303164653738366534633163376436386262663534373437613034383330
66633630333864373834363461353332666430393838616362303630633661303433393936326661
36303362656465623032663863396363376161613435613137343835643539646166616338306232
30366339626236396131306631633633616431323739356362356266383266376436366539383164
65353535343434303030393830363739323132303466356564623934386361343666333239353666
62333438316231653165383961346566376532323463643466653966333866306266333563666562
32643637646434363065663938633332356664356132303066616436363165343032303132353235
63653762396630656265306566636136653830336536323763333932323661363937643839646632
30366632303438323564663066613462663938353065656531383261353332306237323433396430
36326138343632336530346161366239343734386665366566323463363066303565616130396538
33386665616139663765313936656361663431346232643839613862386530643866386334366338
33616433653862663165643037373835643862383764353339373331656337616430656264326638
64393062306438643233643664633134383863313039323832343064383334303565636564306332
34613835373834316162613530656566373461303637383266666632386162653962376430323565
32633937333835383237353632396266346238643963383065343362333165303766646632613837
64363861663731383032613838613235303639653538386661333366653238363266333438313733
31313038343765316133346661653061613435323437303362326637616336643331353835653637
37373533353535313930303238353135663233306631353762306232386532303465336231383261
65373237393836313638666338626432303966333738323230376431643366323834393433393961
66613136383566343435663266343631343030323138386163643131303265336535643961343361
31323935316331366364613931656434623731363165643665666631316161613238396130303935
33616335663336656238346265396239363438636530636634373739633131353561353535623632
63646361303663313563663364663531633637333037313163393837663438626431313966313235
34303964313230396362336437363663643931373132343335613364633031626464303530366666
33616633393134366639626365336336613535333235666334343931646431653133323533306261
65336237663631663663666630613837643633393962646364653831326337376333333433323061
34383533646465393031613361623430636633326133666631343730643030343037386130646533
31613632316231363965313831316131656464316235656264396362663536323135336565346333
65353236653630306564613334326139653262353063643762363931353633666131376464636334
33666566333533616138383530623638346333663933626538396433613430623162363161336163
37346465616466373334336666653062366661333166373731396435386536326638313437313934
37353432613638656666333835343461333063653633396539646365643630313833356531623032
36313764396231313136356230613437656135333761316132333534336131663365346339393063
61633662353332396162653636373833653331663431656161643539316237363663313433353532
62363331663335313336643536353838353934613766333031623238626661376235353936353966
31383363613434356465663930656637386635353235336634663864663435313432643239306239
38333537346565373437343764393131656630313033393361646137653833613661646332366233
38333265616131623330306163393035663165633137656665383030653537386466393135396231
34363265323334613233626164323731343939616633376662323031633433373463343332313336
36316530363864663964353165353534383032326339626332383435373730333664663434663332
35373732336530376435343365323061623865383334636230616137633535363465336330323161
30663962643638663130336364636433336536303230383937373065646438613365313739653434
38636466636534623161323534313937656434636235373938613238646635333330616436623034
32316436336266383061356437326634396261663831623830653636306238653431626561326632
31653865303939303163333930396362366662366461353962366566643962313238343338356362
61366634303665626635633039393666653736396662306532393762303131396533656165376333
35303432306231306336633066333961613330656266653832323165353134323965363739623765
34653664663261643735333032663235663735666162666235653433393432313963373431386562
33306630653332646362636466663063633135303439643636653763333434613436376631353233
35373565303963356639303335306538396266316530313930303630663939303938333233613239
36303537663464366234643337663766393364663431386264636234376538636631656463356336
33363662613530656139636631616666363637356333313637383034646136663334303038663630
38626230333332386231393964646134663532353834363438616139373364353630393831613363
31303333303632643431663931633062616366326238663534393037656665633231363533313764
38636564336332616261616262383761656161363163613037343166633630376164303531323432
66616330373565643634336266653634333763613532353132626566373339393433623965396261
64666131346465636533376336663733323236653237613633643434656335383034376663663830
34383330303439643765626636626465333566653830666439316436336530646135376435633933
34663766333637623837353962633734373435353663643633613039663764343135623432396530
37613133323838376362623463353337383431316566623330323931636464346139363434323030
35663336366461663764383433353836666165663131316334633033333439346532333237666630
62653335663030396537333031333166643061646237373335376666386633346530613639353637
33626537646561323864353339626235353832653431393534393636366637373565643664306663
66396238613930313866363164626363386531396336646438376261666164303537396438623263
31373363353933633565353530333530303332336631393535613961326636643436373332383730
30636564343935333764326331303062636131306236653664663834353337323066616233313331
34636163633862396430646536313536663234623137363033313732393330316264386535316638
62363338323534643437623861653639656430346438626464623261336538373330323734363836
32656636616265666666386132373639366637376438336634346433653033323433366339613338
61306335353030663637353065663435393761656135326636613066613631346633303966653766
30353838373638613631366636643865363036306432383466366261366562613065353936326562
66633566613466616263363132356364616335373834666433613537653538396433363633623635
30393931303562653761616638626461383939336362366665316536396139396163336462666335
35376461316138396434653039373463653035613735343761323931623561346430306261396335
35396265643234386565653436653232653465643466363836653934313062303839323033663532
36616364393134343330623338316661353135646132313933646330343631613631386261643935
61323863613464326466363635613463633965326339383131396335663438666139323035633334
61303231616235373164653964356238303965616465616662393639303533623836626132616261
32376463346430343335303333663534383666306631366637613439323838646561393431613561
33333233323434343432623464633330626333643833653530363333653537623330366135353233
64373431666466383734646363663337323463393063356461343461363931373733643130653836
31366436626165316661623261303965373233373865343032376635366538366432303232613765
34653436653537626536313763313161333365303363316336386265323161373061373936373062
38356434663336636339303339386161363761363062643233356134386464393333623266373731
61633233313761386464656235333861353233363565373764386534656463376639383032373266
61303364323466353231663862643365666565653437393633393639326630366532333166393763
33333465333835353363356636653530633732313335633337626336383164366535333031613463
36383732643638653366393964323233323066656436353937336164396632356666653464656565
30363435313738306438336665303564663762623835656466396438353838346433663564643834
66323634626238653563633065323631343230613332343730636362373363316164313463646336
38313132303663313662636339343335383436633030653630326239333965323739656164643230
35653738343162306633613631626636363033643261623537336539363338373336646435303836
37363531313565373564353439346230383732353033353631613132323538376333313463376630
64623765306564313663663463633865646165613064393131666166346466356632316630383937
62396535633661313833323565383662616162343466656231393634306464656338396636316634
37303130346639333565333037383037313063313336663535353639396635346666646536316530
61303630633062616262303563653931386234633130353535356332373739353436396436366663
31346335646339663530363361343034333136396436396666393134646333626462376364323535
38383031623361336333323537616434373163366363636535353033643733636230633437636663
32616661353461383436313632313830326433326431633836333331323237623337333339326261
65646661343336633339656332653135613863376336626366306638666364653932303833396666
30383937336137653566333062643961613931323636616330373365386663393235393633306234
64333730303964303431393836623963353065646562393261666264343530326361363137376132
33336531323662663962343437663436366561626265333535323661633163326564343564383230
36336330666434363936313131333666393765666639633335353561353133623436626632386333
66646330353962363334366633363563383531323164643163376334386238626531313137346663
32643734313132316164626564643134333562366437333730613264353735373732313339666337
63303661613137623933323064333939653361643964376537663062316138616437363663366337
37353433633861633434376266363966646634306261646135643663326234663364613636313732
64396331333163366436663266633632633238343262373964363265393763353430343332363263
61373636393563613437336639646661616331343030383863336235663635373232356432636136
35616134336438303231363335356162666334613739323630343037393637303431623538666232
31646333363334303539373566623465323531313162616331336234393636323732316337643536
30313534356464613131336333363235393830303463663966653431623430616166363736643263
63613462363630353735653838663466373637666331353639376563383161616361636630333637
36316133646431323830303661376631386264346161333466356438663130336631626637643938
32643631646631363230356438326331376135613964343666656130343761306662373538333639
38326466656237333966343963653733336666643838373265653534343334333738653439316166
61303063623331306433313132313339336562366339626231633633383062306365613538663739
38623266383066663630613038623364643633376239353234653236666435303634663537356135
37613138656533376532336166666630653264663066643833633465363065613635326537343535
35653836383437303964613839653231373533373363333235653738653336663137323133383262
31303832363962356336313932666566646636326534663165666533643431383661303135613563
31336361623436633438666136363764343661306165643833316662653634626133323133303634
65363636373134353662626262326662623332333761376366306432326335363431633866306538
34636166333839636336386430343536396364386462396430656139626665373162623262366630
65643263623963636539323461656639626261353139373065636365636238353734616232633733
35366432636237643630396332303338643562636331346632316565396138393439386566303834
38376662653865623065323265623262393834313662633138313931336530666564306639353662
65363630343033346466336130323337373661303334306365326230393964613032366234636235
34346461643265613832343965383035343330306432303631343865636462653832363937623635
39343333616264666432346262303733303262366632663562653034316362336439653331383062
34353364643839623039646230623839313531313637383234653739323561313233386437346232
37363162613036373837383463363738363461613138656463323465383663396434376162383764
64343630313431623532343863663963306366343531343362303762316236386262323437373363
31373038306164383963323963646163383136353637656331363537313162633266313938613033
62343339616234393036313734643065366639643733333833383864626461323634336466396638
39346431326639353235663264383666356230623634383237646539306239366662343138633763
34356261323137383739643363353361353563646337306239353039613733393462393031316638
61363833636562663165613138303663643837653861343337663738393336366239613637613766
36383232303837643831386330306131393265373366363934383636663639666664306630326532
61636133366163653331326666323139303431383337623963333466666166323763623332373831
65306132303634313664383731626633396365623366383332616364613634386438623861373063
66353332623634343530346164623837666130326336646262393330363861656563336335333166
39363239663561383733353231313064636266306439666232353430376633336261663466623733
36306265326232363039643165306162623765303334626664303766313862313164653831646563
33376264646330333137373038303832373139633135383039613536323762613435343662393761
64616536306232343963613462353633626362353339663433653062643565363132353639326361
38663237343239366361363437336535303761303864316538303839316562626463653163653761
32336533343865303538663939313238333061366638336631633739336464376662373066666263
37636164363838333132343661396631613162353335343437643034333239323765383965313137
34323665386232623364396230663935663933613663656564333834313937326138303761623333
31653333396466303166346534376635393931633464346161613036333166623030323166316665
32643536663433326230656433323931386533313539366564613036663739613635383966383262
62366639626234623430636135376561623664313837663466353933663362393136643761386333
64313136376635633663643636656263653935383538326334323439613030383332316266663232
39643932353333646139326632666665386531363034383865666536633635633463346238326636
64613262383531343065313365373364646239616366303236373962303739336566353431393039
62323535613866383464633962366637623434636635646664303966303065336163326364323832
32376164376232653231363664386635376430376266646365336561383465636666623964363333
39646463383632336464333039393835373661323364313064653232653563643439363763646239
65336161303831383330626465623237393265636437663739323039353234323363356564333462
63353562363839633334336132636234396166616466323962633135633361356430646266316436
63326161663831663939313463396661643163623464663936373265386665303732613934333966
65623134383231623536323939643736623539643765333265653130363465653831333764386132
34613632383365396136333432373938656366346133346332366334396565326363653633626464
63306338663531646338376136346639366165343230376137306438313564393962316134643932
30663363646333616562386236623734373064633661613637613539336131663431613035346335
36383464336536336331656664623837656135336166373237663338343863646138333838663833
38336231653839303134653335626436663661653336343930663238623933303131633135306335
31613638353634326336626136323132623735313538653233626266343361316662666266333931
62373065313837663264353066333766333264303064313561313465386434353730636264323866
66373734666436323730653937313163613739316336653438383033386566633936666138373462
32666165663266346135396239366135366134326162343438656239653666616463343562386130
62636565623230333132396661323937656134616134373533313134333363633961353461393738
36333663396233616461313462326136366433613736643765383338363534313338336638356665
36313139646631313833363463393861343331343034356662613334613861306435373035386566
34623539363837353565396637306235656263343730326339383635333634356235636634386536
36396436313133313833346462396630623031633937666236623136633736616134646534653332
31323164633530366236353634313930346235383930336233333162613163636131653630386636
31303136356639396265666637366561326339366331613065313138373665333534333431316663
39386536616565636462353933313437633939663130653735643261643431303037333830613537
31376335613134336538613064386136326332313736633965336636326139666334343139626664
31376430666636323531656234656166346163663331313963656532366132353164666466306330
35353436383935636664393530626530633635363633333136376133333831343431643630353564
30363565666666623532386565653934396439303465636634363430623532333433613266343962
34306136396634333162386462306366383633353564666138643166303437306335643937373130
62636561386531386561343565613030363833383736316462636234653962353236383539303432
33343765653437303833626332343232666261626464633363626439303133356333623930663666
36346435336435343134386135346634663732616262353731343462356135346265663439363339
64623337643565366265386561373163323062353939353430636462323931653835313838373437
35373235633035383435356164656361356332656464323866623438313135343033356266316136
62633637313838653132386333663963386234366465386237653463323062356561323033363831
64613061626466343438326432313830343966316362346538386632376338393963623031636236
37393939623439373562356531643936343163356235656665383136313237393933376562363132
63363764303132383266613236353161393334616235616632613030326536626433623865333366
63343363356662623134306161623663353930653632346663356436666462363439663133643134
31663465396565323936303531633738343261366166333365666638633934643339316130353266
33653432353030353132626533613861306637396539343139383862386166643134663436633830
66383864346237633838323533643565363336356436626361613932346533633533323332383736
63313134303237663033643934613965623534643266373666386537376666323233363138303331
37363864616333383663663238356364653262303866353132376136643162643563363239343265
61396634313463663030643564636564343137656263643233626439653633333433653066353337
31623033396537643232323662636565623337663130616537333036353266643461646230303737
33336438613431323432653430323634326630366138353933393032313335303263313835396165
64366138643730613536373636306263633265333031396135383635396663393534323536373161
66396634323662356361303664663061366165626430316363323233343561343034386661626435
31323563333939656466326537666136663364616335346363336265316566653662626432656438
65653664653963633735303836376334346636373262326334636464663661393939353063383963
37396438363832303736666638336163646235356666616635663133363664643865363131666664
63666336393334313961393766326135663666326235646463313531323733346562313364313437
36313264633061393632373935326137643237306366656336643437623464376539616530636164
66343261336261336236326363353437363132666364333635343032303534316132323666386437
66636139303637326137373432623734623937636638323732616130633063343330393661383932
64616337363266333631663265393664346438366462316235383063356335643361313335306436
63666434386662656434313063626165653063396335653663306131623833626662383737636364
30646161316339613234343266326364663334316165363262663664313738643136393732363738
66373463346562356665306331393739616262366466323062393431623865633863336637346363
65393432393762666364
