$ANSIBLE_VAULT;1.1;AES256
64353964393061346562393637303063316132633866343063616139653834646530643866323166
6431343666393437343939343562336361663331663739310a383832613062633863363266646165
39636165613136313363316132373035363739636532336436336332356131633638373830643062
3731656133303631390a363538323436663933633432316530666564346535633235343731346234
61326364363466316363653031373332653838656235323165386133313839393964363830616537
65373961653666646436636262306530643837326339613733363734333830373861653665316331
31636566663833633332323532656437363337396264623132643836346566303261383665623663
33393439346261306565333836626661373462623232613364333564316235616338346231346539
34646531316364353461623765643139633361613839346531356338626435323334646561656462
37656434613161323736613730633132663537373231313332356461376335333235663532656637
36666534343466663332623364373831363038393265623530653930356161333131326238306564
65313963653636333263346532393938636237303830313535373137663431653262383364643063
35623539303964303334393935303266616364343130353434383139633830396532656235633062
37353633356437666431353935333365383932613662393064366137646636373638336438333431
63343932316435636136663265303533373363616238336132656538343933313966633262376531
37303132396237646464373432646537366235326439646331643230346633323066633739316430
38366662353565663564333934383636303664343263373537326636303965316339333763316238
39373035653761323330373632663264366136653134343563663561303236383861656632346166
393865396162346332326264333139633266
