$ANSIBLE_VAULT;1.1;AES256
34366165376639326361646433396335333935623438653731383939313638356631653263656434
6165343638643330373162613538353332393531306432630a646561303432353933383233396263
34326432616364343236386438323938666663663265396464356339616432666562613833383234
3938643639323031350a363438313533376661346662353562626461656235376262333239323435
31663236663831633936333066373061386262663763343363336231336162373838383635316261
35333366653130366465623935613764363330326662613036326465616235363765613032613732
38356633646137313839313532396531616436656431323534663765333964616363656539343231
35323765633538316230366332666265626163386132636333343964643563343838666235393538
31373166643538343836636564623239626366326363353032383466636234333630316262666566
33663933313938616439376663353233323738633564613136366132383939653638363866383333
35663936336632326138376539623030353231353036353536356166386335383236303266353865
32313536386631376230346238636135373732383736346462353336613532343564373864363666
62363036633839656532663134613735333564653331643861323865393037653966386332353466
39646430326661616565373463613438376265376433616139626333303061313862333063363530
63363631306561333630323039613037336536653930663031373364363838356365343138303236
36613364666538376135663462356265323732616337333761663432653464396335643831386332
37323866336132643933623139343961333234303335646533323135313265656466333862383734
34366563393035653831363035323239313866323962643230326465643665643538356238613766
65313061623934363466633236626465306232343531356433623762633362393966333636306631
66353639323538623161626335303066383634363733353235633739333961356636336337333737
31353439393135336562613430633636666232366166633661373438383630663162666139356563
37613463623031366632366465303131343465373536303264326536373366643337663139613366
38346466323162316430613131663930623663393136353665383865613864646461393265663064
34336339303135383837346563306533393433373132313730336261616335643031316235343337
63306461633637373739656661396138346530343162333930306564333634303439613632366362
3864633733623334653431323231316166356364363833613830
