$ANSIBLE_VAULT;1.1;AES256
36623437363363363435626333303939306236626539393437303537616630623966386436313834
3832326462633864303633393139663866643130316264610a323037353837653935383037313535
65383264383938613435303937633231313536323937363866613930663134313430636132343438
3339626262626530310a393237396566393163326162646639353964663961353131656637356431
62663465376265616333343430616264353663663936643838636633306465333731313535376331
32313335363435333535346534376363393766663666633762386661373264663032646664666162
38386162346530393231386433303338366262643032666164633266346435633862326633623038
66613237633739343833653065343132363937326330663933386139326139396438326237326365
61326364646537633432353531613165643333353566366664393065666334633761336463353736
35336639373766386263383032363032316638306431643031363939356531346336383435333639
64353539663039626463356533323838333731386631326661656333613163306438343935636565
34336461383331313334653437323066353330346562373631646332396238333236303731363763
65306565323664366333343061323231633061636230383039306262636632656134646436633135
33366562383561396163363431396262336536616436356261323438393635663266643963383032
61306132303463333039646631323738616361306264313530613034653835633339636338616130
63623566363331363139663961346466353532396437646264633432653663356131666330356632
34653165373734343265373366353166626137656663333537373830616262333434366166353666
35383935393135656334323237623532653038376131323038643635386432623436343436333562
35353730646336616532306438343762633130353838323432333035643465616535353138666461
31316435366137666462656333346437313235616239656566353031386463336438636363626538
61353438386465626130363965353166623933313732353862666538636432653334653337393135
34326636303933663264303361623738383732346630656538616336376639626535386564346564
38323333303333323230326337336234633963376165393136356635363536393133363136636166
31636463366634356162626462633733343462343164363135663734326533613663643835313937
37363131346234356533353361613130333632386438656638346562666265326265356131336662
3163383763336234333164643136383031343236393134366330
