$ANSIBLE_VAULT;1.1;AES256
31383633353738666264616333353238313035663161353530383433373763303163633162373938
3166336466663864383863626462653137343937366131640a376137636264336530393936303265
36663533636136373234313434383763646431643436333335326238656530656337306432386365
3535633930623337300a633131313933323331333234393461356264373065653937363638306661
39393639333962663164373538363966343134396137653862366565336433323262616538643136
63653163303466663734316362666432636562313638626165393634616433376634356561306162
30376638373334636636643866326536303063656661316264656431626134373266366361613437
61616335653361623065326338313733613465333565336438363234303763303064636132373062
66613430663061643036376132383562656265633733326230666235326136663439666435616138
33663564393961363436323865383239623732333163306436663632666434383865363231363931
64656364373239323538643762663132333763646464316137613464326661633162396637363233
65316263326362303261326632373736383064316331333663616230623933396162343761636562
37323465346238363063616465656336333339356161383232373730383661396663333961306165
35323262663338653236623061643835356230656562343961613066626538383565306538656237
38313034333936636536616163316364663566303339303837633364303063623635323135666438
35376231306532623139303331346661373738643161626539303231653163353739366533613966
66383431636261656434353934333539323331323732383433613666643963366133306262666239
32306131636366633464396563343064303337626532386637623932623966386464636130633734
35323866386635653663666533333561313334383263613433646161633138313530383131353937
34356332303236313732383264363932343738623764343238626136313133613835666535623337
66363137353563393565393639353831396261333864613035333935656433306164323165613664
38303739343639326630343239663935653839633362306630373564383633333962303333303132
66613466373836353731633933326263306364313266356334353737343463316337393761373335
35346166653165303632346433313031626333376139613166313730393636616234663061326163
65333636396361333136373166303330306562663237393230643166616631393165
