$ANSIBLE_VAULT;1.1;AES256
33353938623534666433333939356336326561396339303166623464656363313931616463383761
3331343161306333303436333330633836643333363334320a396466373161613661386433306231
61396630393438353435653865313434636636303533346136633836373737616633646466306537
6330323434323637340a326437363962633133333734663963343462316166623965663962353465
33373736613332653662376638313536333932396136383936646430623965656633333437376564
65666335306466613736313164393164633434323736306632353935313764663762353639303466
38326461303932356463393563373436643432393931623766616161323866623739383936363934
63303736376563356238323661373935643137366336363634313131663532633761643538656261
35626239303533613065313736323939393532663365643932373538323735373062343832383366
66636432356366353337363761316662666133376535616562653464336637666336336531653638
66376162623534343834383962333736656166663633393264366436386439633932643936613538
35333137333735633230333136643538303361313262643966393033393964666536366336666561
64346462346531653765663430306332653230666232303037666435643736633236386565313666
33646430313265303439653238616263316165653432316436386162623936333263326637326635
63613133633665636161316234643063353836376261663633663634663333393566303538613032
32346234613937363363643163646235316366623666616362633831376162316463336166313038
33353433653064363932323161333030353831633732393039393834333837663363313437393962
33376466363663396135336263633035666333376537376161343636353463636430633538313831
63393562653430666233616161666264636564623334353962376564326130636633303330633666
36623930313532333038323963313136663439386431633530303561623566333437303333313235
61643034356332373533373438303532633564313736636663643030323034373662643261363161
30373636393832653731343439623864333538666339326364306239623239383938333465366463
36356534323963643964333165316333316231653737636532356363663836623531353666356139
33343230613336333664373466623430356636653163323265653133373662623232326266373638
63643033626635373136326239333965633233623239393632663738623665633166636636343730
6661613338316133346136333062323763643264376363396233
