$ANSIBLE_VAULT;1.1;AES256
61636439326130613933336466616635626637636434613534396565366462633030316235323066
3436373832363665663337353132633831363636346530640a636464303863633839353939633638
34313130663336656161633537386663306531373938353465353662313031386234303661663565
3934336664306538360a346638353530633333643965623666333762313737343462333062336238
36306266343736613633653062386462333863303532376561373134363339383537373761376336
33666464663937306165363666613964396230656138643732346234333330656431356466343466
65643036633536643632303166306461343334356662373761383966323931363964346433316662
61393434326136346330613333643237343636613865346133336133386465346336303466396234
30383864303935623639636439323137643938383561346634646233363963366236666435323334
30663162306435373934316636346639616537663737613035646630363864613464386230656134
39626334393864306361346636663134353331316662663437613063633833303136643565616566
30373230376366346435316666616561656437653734306266396264616433343138333231326166
66663736373937633333353937623762303532383730643035383734373631623732303530343133
63346337313633373031323338616332313233383634636263656538663164383333316461393436
36633638393531386131646661353062653339623339333932363365336437633538396230343838
63373061666231613739313364363032306337356162333936313335323830376635326137386537
32623661623830616132376530346133373962623834633432326636666231656465613937343531
66316564316233353731643862363265383335366464343135323635343062643530366532306531
66303164616339623638363736343165376339613365363536623061393937393862326331336336
63353232373939626262353737663561646530376431376565343833346435343233383437613238
62303032623033353965626137613562306436323862383666633933646236336536303338663333
33373762303336326461396261613737363532623432356334316564373266343661326639626462
62343166373332663164366134663265626333336262383063373632323835653366313331343935
35663439643037663165343533613563313438393564613739643861663664396537316135383965
34623330613861653332383139623861643430393436643630363161306133326139653166626637
6338323436623632343632643738316632666362653036323936
