$ANSIBLE_VAULT;1.1;AES256
31376565326437653236613061353739366332353836383234636538306632306462623866636536
3163633035386666356262303430626634306239616638390a366431653464653866303365656337
65393565646331303665303334353139356230396166326133356130646165363164363735653839
3436303432633139620a666562373931353136333030333936386338346263313661313539386332
36616432303165666332613261336662303933373232386439303830666461366466323738323638
61356536643034346661326363646336663761376562373032656332653339633235313738316461
39613665303061333230306138363461623032363363353039343635636531346330313137653762
34383665653566396537323338313139316263306538633439633539373731373530393463646666
39653637653935383037326162353265666133326535633963353065343031393432613837383131
34663634643231343038373735306261393764643665623137323431326561373665613462336138
35646461333636383163343837306532613963396432343936316166323638613361346338383336
39366330626632363861376336303535363131346362613462373061346366303933663261363062
35383732353265346638653035336132383938343764343233646265663865373636633233626134
37656363636164396632373562396538653263613336316435353538346163373964656131666364
64653338636430636533356562633061323133326637363634396133636161653735313131336538
36346538393135626366643164363861366162663830336234653030346262373061303266316230
65326333393636336635356532393037653533613630383461636362646538316234353834376362
38343831393739626630346238346138363865326237383062396635323238663132626539316162
32303638653262323035663135643634313162366661356162626563393035653532643232666131
64666433626234326133313135313061363433636132316134613531616663373563396563373735
33633162646465623039323165653636646565393132333032613632653132653531646261613833
35333334353735306262343966356562363661633238316332613930303430316137303830663361
66643133373533623330613764633036633564643730303537346661613638613366333932353564
33663036626466613765643338373662646438333438663832326437343364616336313661356539
61343136383534663439626635376561613630366234636533356530353633376535
